azimuth,horizon_height
50.000000,0.298273
60.000000,0.336669
70.000000,0.336669
80.000000,0.336669
90.000000,0.336669
100.000000,0.336669
110.000000,0.336669
120.000000,0.288027
130.000000,0.288027
140.000000,0.283800
150.000000,0.177000
160.000000,0.177000
170.000000,0.161086
180.000000,0.161086
190.000000,0.161086
200.000000,0.161086
210.000000,0.054101
220.000000,0.021332
230.000000,0.000000
240.000000,0.000000
250.000000,0.000000
260.000000,0.000000
270.000000,0.000000
280.000000,0.000000
290.000000,0.000000
300.000000,0.000000
310.000000,0.000000
320.000000,0.000000
330.000000,0.000000
340.000000,0.000000
350.000000,0.000000
360.000000,0.000000
10.000000,0.000000
20.000000,0.000000
30.000000,0.000000
40.000000,0.000000
