azimuth,horizon_height
90.000000,0.336669
91.000000,0.336669
92.000000,0.336669
93.000000,0.336669
94.000000,0.336669
95.000000,0.336669
96.000000,0.336669
97.000000,0.336669
98.000000,0.336669
99.000000,0.336669
100.000000,0.336669
101.000000,0.336669
102.000000,0.336669
103.000000,0.336669
104.000000,0.336669
105.000000,0.336669
106.000000,0.336669
107.000000,0.336669
108.000000,0.336669
109.000000,0.336669
110.000000,0.336669
111.000000,0.336669
112.000000,0.336669
113.000000,0.336669
114.000000,0.336669
115.000000,0.336669
116.000000,0.336669
117.000000,0.336669
118.000000,0.336669
119.000000,0.336669
120.000000,0.288027
121.000000,0.288027
122.000000,0.288027
123.000000,0.288027
124.000000,0.288027
125.000000,0.288027
126.000000,0.288027
127.000000,0.288027
128.000000,0.288027
129.000000,0.288027
130.000000,0.288027
131.000000,0.288027
132.000000,0.283800
133.000000,0.283800
134.000000,0.283800
135.000000,0.283800
136.000000,0.283800
137.000000,0.283800
138.000000,0.283800
139.000000,0.283800
140.000000,0.283800
141.000000,0.283800
142.000000,0.283800
143.000000,0.283800
144.000000,0.283800
145.000000,0.283800
146.000000,0.283800
147.000000,0.283800
148.000000,0.283800
149.000000,0.283800
150.000000,0.177000
151.000000,0.177000
152.000000,0.177000
153.000000,0.177000
154.000000,0.177000
155.000000,0.177000
156.000000,0.177000
157.000000,0.177000
158.000000,0.177000
159.000000,0.177000
160.000000,0.177000
161.000000,0.177000
162.000000,0.177000
163.000000,0.177000
164.000000,0.177000
165.000000,0.177000
166.000000,0.161086
167.000000,0.161086
168.000000,0.161086
169.000000,0.161086
170.000000,0.161086
171.000000,0.161086
172.000000,0.161086
173.000000,0.161086
174.000000,0.161086
175.000000,0.161086
176.000000,0.161086
177.000000,0.161086
178.000000,0.161086
179.000000,0.161086
180.000000,0.161086
181.000000,0.161086
182.000000,0.161086
183.000000,0.161086
184.000000,0.161086
185.000000,0.161086
186.000000,0.161086
187.000000,0.161086
188.000000,0.161086
189.000000,0.161086
190.000000,0.161086
191.000000,0.161086
192.000000,0.161086
193.000000,0.161086
194.000000,0.161086
195.000000,0.161086
196.000000,0.161086
197.000000,0.161086
198.000000,0.161086
199.000000,0.161086
200.000000,0.161086
201.000000,0.161086
202.000000,0.161086
203.000000,0.161086
204.000000,0.161086
205.000000,0.161086
206.000000,0.161086
207.000000,0.161086
208.000000,0.161086
209.000000,0.161086
210.000000,0.054101
211.000000,0.048771
212.000000,0.000000
213.000000,0.000000
214.000000,0.000000
215.000000,0.000000
216.000000,0.000000
217.000000,0.000000
218.000000,0.000000
219.000000,0.000000
220.000000,0.000000
221.000000,0.000000
222.000000,0.000000
223.000000,0.000000
224.000000,0.000000
225.000000,0.000000
226.000000,0.000000
227.000000,0.000000
228.000000,0.000000
229.000000,0.000000
230.000000,0.000000
231.000000,0.000000
232.000000,0.000000
233.000000,0.000000
234.000000,0.000000
235.000000,0.000000
236.000000,0.000000
237.000000,0.000000
238.000000,0.000000
239.000000,0.000000
240.000000,0.000000
241.000000,0.000000
242.000000,0.000000
243.000000,0.000000
244.000000,0.000000
245.000000,0.000000
246.000000,0.000000
247.000000,0.000000
248.000000,0.000000
249.000000,0.000000
250.000000,0.000000
251.000000,0.000000
252.000000,0.000000
253.000000,0.000000
254.000000,0.000000
255.000000,0.000000
256.000000,0.000000
257.000000,0.000000
258.000000,0.000000
259.000000,0.000000
260.000000,0.000000
261.000000,0.000000
262.000000,0.000000
263.000000,0.000000
264.000000,0.000000
265.000000,0.000000
266.000000,0.000000
267.000000,0.000000
268.000000,0.000000
269.000000,0.000000
270.000000,0.000000
271.000000,0.000000
272.000000,0.000000
273.000000,0.000000
274.000000,0.000000
275.000000,0.000000
276.000000,0.000000
277.000000,0.000000
278.000000,0.000000
279.000000,0.000000
280.000000,0.000000
281.000000,0.000000
282.000000,0.000000
283.000000,0.000000
284.000000,0.000000
285.000000,0.000000
286.000000,0.000000
287.000000,0.000000
288.000000,0.000000
289.000000,0.000000
290.000000,0.000000
291.000000,0.000000
292.000000,0.000000
293.000000,0.000000
294.000000,0.000000
295.000000,0.000000
296.000000,0.000000
297.000000,0.000000
298.000000,0.000000
299.000000,0.000000
300.000000,0.000000
301.000000,0.000000
302.000000,0.000000
303.000000,0.000000
304.000000,0.000000
305.000000,0.000000
306.000000,0.000000
307.000000,0.000000
308.000000,0.000000
309.000000,0.000000
310.000000,0.000000
311.000000,0.000000
312.000000,0.000000
313.000000,0.000000
314.000000,0.000000
315.000000,0.000000
316.000000,0.000000
317.000000,0.000000
318.000000,0.000000
319.000000,0.000000
320.000000,0.000000
321.000000,0.000000
322.000000,0.000000
323.000000,0.000000
324.000000,0.000000
325.000000,0.000000
326.000000,0.000000
327.000000,0.000000
328.000000,0.000000
329.000000,0.000000
330.000000,0.000000
331.000000,0.000000
332.000000,0.000000
333.000000,0.000000
334.000000,0.000000
335.000000,0.000000
336.000000,0.000000
337.000000,0.000000
338.000000,0.000000
339.000000,0.000000
340.000000,0.000000
341.000000,0.000000
342.000000,0.000000
343.000000,0.000000
344.000000,0.000000
345.000000,0.000000
346.000000,0.000000
347.000000,0.000000
348.000000,0.000000
349.000000,0.000000
350.000000,0.000000
351.000000,0.000000
352.000000,0.000000
353.000000,0.000000
354.000000,0.000000
355.000000,0.000000
356.000000,0.000000
357.000000,0.000000
358.000000,0.000000
359.000000,0.000000
360.000000,0.000000
1.000000,0.000000
2.000000,0.000000
3.000000,0.000000
4.000000,0.000000
5.000000,0.000000
6.000000,0.000000
7.000000,0.000000
8.000000,0.000000
9.000000,0.000000
10.000000,0.000000
11.000000,0.000000
12.000000,0.000000
13.000000,0.000000
14.000000,0.000000
15.000000,0.000000
16.000000,0.000000
17.000000,0.000000
18.000000,0.000000
19.000000,0.000000
20.000000,0.000000
21.000000,0.000000
22.000000,0.000000
23.000000,0.000000
24.000000,0.000000
25.000000,0.000000
26.000000,0.000000
27.000000,0.000000
28.000000,0.000000
29.000000,0.000000
30.000000,0.000000
31.000000,0.000000
32.000000,0.000000
33.000000,0.000000
34.000000,0.000000
35.000000,0.000000
36.000000,0.000000
37.000000,0.000000
38.000000,0.000000
39.000000,0.000000
40.000000,0.000000
41.000000,0.000000
42.000000,0.000000
43.000000,0.000000
44.000000,0.000000
45.000000,0.000000
46.000000,0.000000
47.000000,0.000000
48.000000,0.000000
49.000000,0.000000
50.000000,0.000000
51.000000,0.000000
52.000000,0.000000
53.000000,0.000000
54.000000,0.000000
55.000000,0.000000
56.000000,0.000000
57.000000,0.000000
58.000000,0.000000
59.000000,0.000000
60.000000,0.000000
61.000000,0.000000
62.000000,0.000000
63.000000,0.000000
64.000000,0.000000
65.000000,0.000000
66.000000,0.000000
67.000000,0.000000
68.000000,0.000000
69.000000,0.000000
70.000000,0.000000
71.000000,0.000000
72.000000,0.000000
73.000000,0.000000
74.000000,0.000000
75.000000,0.000000
76.000000,0.000000
77.000000,0.000000
78.000000,0.000000
79.000000,0.000000
80.000000,0.000000
81.000000,0.000000
82.000000,0.000000
83.000000,0.000000
84.000000,0.000000
85.000000,0.000000
86.000000,0.000000
87.000000,0.000000
88.000000,0.000000
89.000000,0.000000
